double normal_0_1[] = {
-0.461038629312,
0.502525819905,
-1.20262106724,
0.205545582402,
1.15087490089,
-1.22677777556,
-1.80523728372,
0.703820786862,
-1.29898069224,
-0.867218390061,
0.538546357713,
-0.503011144649,
1.07411655827,
0.00917329708782,
0.521274630451,
0.414784876813,
-0.995418603553,
-1.38779175709,
-0.424182968611,
0.17011085546,
1.47026434637,
0.366388685212,
0.333322265544,
0.588037466872,
-0.274733036964,
0.929594005339,
-1.15079882522,
0.514545759188,
0.475966170444,
0.647527466304,
-0.219073250235,
-0.0473706774139,
0.205320409908,
-0.334947071381,
0.172204514266,
-0.189980153353,
-2.02632387547,
0.113476540044,
-1.27026735756,
-1.0196253623,
0.283272443,
-0.363307002509,
0.022604791073,
-0.326771857953,
0.938461946207,
1.02396878154,
0.961220874326,
1.73297923236,
0.329249852376,
0.0125410198523,
1.77450383431,
-0.415910720553,
1.05445272182,
1.13656038371,
1.03097041563,
0.0370603019349,
1.03156064781,
0.0712057021385,
-1.12323012604,
-0.179819359821,
0.00801888794502,
1.95123936622,
-0.284196177194,
-0.239423422993,
-0.514007764271,
-0.246550412302,
1.96881694407,
-0.911070129269,
-0.188430285037,
0.505641395246,
0.0230502555264,
-0.00616779397227,
-0.00578265807639,
1.30740055184,
0.0607685263407,
2.36170083619,
0.900309611513,
1.14941380057,
0.0189027615062,
-1.38452597888,
1.12490552816,
-1.38576108177,
-0.277992693055,
-0.317091147594,
1.88906901684,
-0.0265359087099,
0.611736802285,
-0.305869806276,
2.03006768635,
0.376847494471,
1.18210623695,
-1.4971549337,
-1.03515235677,
-1.96335436212,
1.45604885487,
-0.711422858458,
-0.514695445621,
-2.64880284252,
0.240470028939,
-0.312671325311,
0.606004294825,
1.05328064053,
-0.51381180108,
-0.0598444538549,
0.0157270496089,
-0.522294634444,
-0.0942397052124,
-0.392336855781,
-0.473722515593,
0.541631918487,
0.279671805593,
-1.29262537376,
0.388706652702,
-0.295706210338,
0.0723482006823,
-1.57301371551,
0.695049098541,
1.06766481253,
-0.989877630359,
0.886634507969,
1.62609849193,
-0.474959787965,
0.0105084332331,
-1.28512798201,
0.0875623119845,
0.735127810567,
-2.14603046786,
0.614278143873,
-1.69189646479,
-1.38565493342,
-0.812962952028,
-1.31261963383,
-0.411022037765,
-1.83453321425,
0.424863365572,
-0.239915016516,
-0.672707813387,
-0.573584090978,
0.699855605014,
1.18721289333,
-0.144288898621,
-2.35960636072,
1.58111736965,
-0.0822696906036,
-0.57119588483,
0.687890455195,
0.921984032251,
-0.302435026623,
-0.399027752837,
-0.974755233002,
0.144015940339,
-0.50694931812,
0.00110810846771,
0.450248790234,
0.311103340306,
-0.473924046372,
0.717200095114,
-0.893041870766,
-1.05574809039,
0.255463584204,
2.25613516178,
-0.863587392402,
-0.769885269687,
-0.668256115679,
-1.14052645755,
0.506922305248,
1.08324150789,
-0.623656193482,
-0.0932111546585,
-0.436629431878,
1.4782213767,
0.392187662833,
-0.921571010463,
-1.17435103195,
-0.336272935374,
-0.726096966568,
0.252739475685,
-1.30018565354,
-2.22059428673,
-0.464092295259,
-0.6183535486,
-0.420100020963,
0.403585776419,
-1.09205146529,
1.6770530153,
-1.41046970533,
-1.21965836739,
0.823213777252,
-0.18934025132,
-0.0337738061583,
1.5082164416,
0.304276376601,
-0.995380027835,
-0.464990305011,
0.340344655958,
-0.784105842665,
-1.06351424534,
-0.668557255933,
0.939481545143,
-0.595436856263,
0.0344879502471,
2.67217900365,
-0.640269295995,
0.204810951901,
0.202774998253,
1.4511001783,
-0.095502249355,
-0.830270425322,
-0.678003462046,
1.20186651743,
0.00962252270171,
-2.15974968845,
-1.06903841968,
-0.676589768632,
0.438764518713,
-0.43349518973,
-0.287566545333,
-0.386641993183,
0.71842782068,
-0.732923002297,
-2.04576617763,
-0.425425983385,
1.06611454002,
0.208892016175,
0.0974235956992,
1.5567999929,
-0.648863500269,
-0.47062581556,
0.725868759064,
0.0892526366586,
-0.178679657822,
-0.629093900959,
-1.51935762674,
1.02077359786,
-0.842801838173,
-1.5162550843,
0.600982327886,
0.179998489354,
1.67640287631,
2.83833812854,
1.13029597276,
-1.2034753781,
0.193835625829,
0.0305655045249,
-1.23601357368,
-0.249980556181,
-0.682448775665,
0.0575030964567,
0.54012409604,
0.699427736568,
1.32680277556,
-0.0327002395297,
1.17901423124,
0.725272910653,
0.338280574998,
0.805944409073,
-0.532190155154,
0.50492340196,
-0.523643578263,
0.601249015897,
-0.118430205036,
-2.15324040825,
-0.753242072323,
-0.596333941002,
0.0228736004302,
0.114427949109,
0.434471699123,
-0.276818434587,
0.35524958464,
0.358823222471,
-0.0624263685883,
0.423071310382,
0.622714196161,
-0.612383692453,
1.1961315265,
0.83425892215,
-1.43603642863,
2.03166971763,
-1.11420581688,
1.67795130342,
-1.75211343337,
0.687380540504,
0.388001398057,
-0.709500353944,
0.559645335043,
0.205499031594,
1.08409789665,
2.49137796581,
-0.628294169371,
2.53769209168,
0.331884964376,
-2.28815018779,
-0.93438149686,
0.0772619904505,
-2.19566727309,
0.930505018654,
0.79535685576,
-0.47910702699,
1.40580982957,
0.948142700905,
2.02368858763,
0.675911463751,
1.35471260856,
1.34454176874,
2.04859433233,
-0.547897114459,
-0.299876138365,
-1.07242443517,
0.0973341346619,
-0.315186992179,
-2.0648509232,
-0.58837875257,
0.233706555691,
0.835071759015,
-0.00631763589815,
-2.30227952735,
1.29009697663,
-0.409768273555,
-0.1946970803,
-0.335719761248,
0.537385579222,
-1.20221984887,
-0.272043462778,
0.435904696726,
-1.02625163919,
-0.467402122291,
-1.30398703546,
-0.616717761573,
1.2938730129,
0.655405846574,
-0.860189886077,
-0.683126731233,
-0.132929661823,
-0.749472778299,
1.63468940225,
-0.14168006513,
0.367098629751,
-1.61675314575,
1.0807350287,
0.356442580157,
0.785548101817,
0.436392233438,
0.748549061788,
0.407675296284,
-0.139739034311,
-0.232958028747,
-0.344273179947,
-2.38096145518,
-1.31863137798,
-0.236227113832,
0.808798383336,
1.69497886023,
-0.18516771082,
0.42315349355,
-0.383481944595,
-2.52903901375,
0.357531931022,
-2.23010729884,
-0.584377320696,
0.972611472333,
-0.278273893132,
1.59914959469,
1.0394724443,
-0.188261103549,
-1.9556371317,
-0.0475806952501,
-0.107643599845,
-1.55079426597,
-1.31302609359,
0.586612459397,
-0.7602006775,
-0.0590530641653,
-0.663665472453,
-0.135940332805,
-1.9355502316,
0.970318555417,
-1.41067479263,
-0.833979812839,
-1.26478813504,
-0.679435867588,
-0.995453836729,
-0.678728840138,
-1.13511802218,
-1.2427047924,
-1.06753135028,
-1.60526039303,
0.998481255433,
-0.421950076025,
-2.08478627249,
-1.73027152857,
-0.00343865167073,
-0.0574228168002,
-1.72175008701,
-0.827961299262,
0.0924325835767,
-0.28832228923,
-1.40806628178,
-0.286991527153,
-1.17375501751,
2.09554329353,
-0.51995444214,
1.07906489922,
-0.281215373983,
1.90191847841,
0.279833068155,
-0.742459462129,
-0.711758998446,
0.0651131734927,
0.197098469192,
1.73910689644,
0.748080144767,
-1.48570037221,
0.330300683846,
0.0343537327409,
-0.860333409823,
1.09462071788,
-1.30238705267,
0.0311141473811,
-0.883867126565,
0.296732828761,
-1.05321311634,
-0.678068848304,
-0.152087889137,
0.54850892188,
0.215481865985,
0.242446746663,
-1.23007019705,
-0.592229895901,
-0.770666916545,
-0.396735246611,
1.23579275666,
1.26926434534,
-0.0793384410045,
0.872904279547,
0.699128658497,
-2.18232686412,
0.733302148581,
1.17714643823,
-0.563043104482,
-0.392289663008,
0.692575439952,
-0.124721881314,
-0.058288362957,
1.25476152485,
0.52150885815,
0.360929968503,
-1.31581391107,
0.82785057757,
-0.430956383182,
-0.616019802447,
-0.0627808129345,
-0.122921195994,
0.460976011812,
0.604591325265,
0.47042455673,
0.631562210137,
0.487683728022,
0.157130560781,
0.299968561584,
-1.14506434796,
-0.674866259465,
-1.64292997376,
0.815291079072,
0.656298404245,
1.49986705008,
-0.269135090206,
0.873640899026,
0.857586220115,
-0.0561512364629,
-1.9081762636,
0.166340443342,
-0.776741318904,
0.26810230471,
1.049484217,
-1.43304459048,
-0.457654944811,
0.828699635193,
0.166205049005,
0.283303890688,
-1.09520284001,
1.74265397538,
1.24558200299,
0.206677242274,
0.70883239552,
1.34812150733,
-0.676062053204,
-0.156747454001,
-2.86908717057,
-0.255259580735,
0.217148833048,
1.99459517013,
0.092050073494,
-0.253673434842,
-0.011336048452,
0.507056206549,
0.253558773143,
0.487835039342,
-0.00994964758689,
1.12071293778,
0.706909861247,
0.0293521165037,
-0.436223277087,
-1.1003257218,
-0.608259712297,
0.626576841857,
1.17887827711,
-0.21391260398,
-0.830172896424,
1.06942718393,
2.57430385741,
0.264877380519,
-0.62911554874,
-2.50698337211,
-0.619639011363,
-0.360860739093,
-0.388321240709,
-1.95256842022,
-1.34340849383,
1.20574196683,
-0.536746090718,
1.3276339664,
-0.209835787465,
0.712816142697,
0.707491179777,
0.221265321712,
-0.359032814136,
-1.14199823376,
-0.0477210749752,
-1.0021955165,
-0.851439364132,
-1.56249464982,
0.108048239242,
-0.120013449675,
-0.351271605155,
0.1640796014,
0.143126477012,
-0.635294964387,
-0.314732220165,
-0.351075512906,
0.436770230474,
-0.0801188487209,
-2.05623293857,
-0.641840328394,
-0.640811860601,
0.398791195887,
-0.719626979462,
0.0217555359048,
0.797218846385,
0.13777117069,
0.732955554941,
-0.517476593719,
-0.525693988206,
-0.865735952492,
-2.07759269889,
0.287018938936,
1.48152133604,
-0.30812525363,
1.94817603059,
-0.698776699936,
-0.0863170542916,
-1.35096185852,
-0.121828459594,
0.322145958705,
1.94262734934,
-0.461917132586,
1.02884329942,
-0.958586028097,
-0.416299113537,
1.18027998797,
-0.967396064915,
2.2055502274,
0.565789379886,
1.1375406568,
0.465647463188,
1.62191860679,
-0.483145196127,
0.000220058580785,
1.45433592886,
-0.548310821913,
0.51279633992,
-0.606736350991,
-0.422207970484,
0.0314194544693,
0.0252260431882,
0.768253004456,
1.15440375899,
0.990621260989,
1.42983341435,
0.0121686286702,
0.22410668653,
0.905472032849,
0.710197613035,
0.952219947725,
-0.786099687373,
0.651370292698,
-0.134883349477,
-1.06720396828,
-0.28732336218,
1.00614228976,
0.337345521934,
-0.602727870145,
0.710674544512,
-1.58932835274,
-0.2325495531,
-0.00847802670065,
0.950283791774,
0.118619094324,
-0.249902635661,
0.310278672967,
-0.129710058632,
1.11495885333,
0.657108829878,
-1.12886708515,
0.7855806926,
-0.174800847652,
0.756167717276,
1.00613435698,
-0.045127664266,
-1.17899477785,
0.496610451359,
-0.751211918515,
-0.123604548087,
-1.15999213494,
0.896823140793,
-0.00574227139729,
0.960822283225,
-0.822966367828,
-0.814199640241,
-1.24991664553,
0.635015110552,
-0.242110733557,
-0.082121814504,
-0.305182393128,
1.06962943143,
1.3216802684,
-1.30143069947,
-1.37622925233,
1.49860416738,
1.14987914636,
-1.74978844715,
-0.0172117223417,
-1.8972449377,
1.20826372722,
-0.177415564225,
-0.07896877332,
-0.827700426944,
-1.00191416854,
0.0922832360938,
1.66216838189,
-0.546461417726,
1.04907993723,
1.13088275932,
1.28259866234,
-0.114755921663,
0.818913938763,
0.784947095218,
-0.371391395259,
-0.417840294771,
1.22489820544,
0.366666117184,
0.679068198392,
-0.623493088527,
0.570332985605,
-0.924193291803,
-0.565973554946,
0.413295260461,
1.60830318988,
0.664865262931,
-0.0864409446201,
-0.324929070667,
0.851795638993,
2.23390967051,
-1.01921401541,
-1.64326983258,
2.64847360197,
-0.141804973539,
-1.46348251481,
0.0183814213148,
-0.0990620143117,
0.0975513930331,
-0.858101694423,
-0.14939632231,
0.735746817203,
-0.178163453006,
1.32595709954,
-0.189451504955,
-0.506332537799,
0.260985807108,
0.251855166905,
-0.554695653524,
1.43540395049,
0.141032879657,
0.881768086688,
1.03650826615,
-1.7516182148,
-0.792089167109,
0.534675736353,
0.896034010691,
-0.367433937375,
1.53445082177,
1.42290713505,
-0.430453196191,
-1.08655108085,
-0.810498794394,
-2.77436169552,
-1.37931053305,
0.833377329097,
-0.210813276579,
-1.24221649913,
-0.246330579483,
1.1833975288,
0.591833671994,
0.592731858678,
1.13042796646,
-0.179373502587,
1.93079614216,
-0.851512013483,
-1.12668721706,
0.422303460065,
1.51991639357,
1.03281755347,
0.616790492904,
-0.902129616454,
-0.36443968267,
0.0171926195624,
0.534140905185,
0.950016779347,
-0.924674272696,
-0.277852404109,
-0.0614540565762,
-2.74831729625,
-0.0953899908627,
0.76271857955,
0.497945156825,
0.846224469427,
-0.324072684726,
-0.750409630289,
-0.194305403167,
0.636926831785,
0.239633018418,
0.191926798379,
-0.679912264453,
-1.09014508527,
-1.54582930815,
-0.741907529878,
1.01120337726,
-0.675248308426,
-0.281522073334,
-1.11100537502,
0.809622512433,
0.0392940277334,
-0.24238534456,
0.445196091226,
1.97613158145,
1.7560966672,
-0.497968209125,
0.581467083929,
1.19836965085,
1.28346401001,
1.05278758666,
0.466880600248,
0.0424282931468,
-0.849555288991,
1.13554176976,
-1.64121564504,
-0.0263751501033,
0.586068745751,
-1.37455494495,
2.43129280409,
1.52513969853,
0.565969669356,
-0.0742782815781,
1.61278583906,
-2.26261579931,
1.41251593205,
-0.57407975262,
-1.64815334209,
-0.0726565167417,
-0.49979171422,
-0.247213873859,
-0.517270903981,
-0.0481782731528,
-0.342620404607,
-0.67984428586,
0.554573868392,
-0.328608866964,
-0.0466761357044,
-0.632974498065,
0.309385530566,
0.395945811518,
-0.075793799017,
-0.671053140503,
-1.73107201444,
-0.556730091353,
-0.268525237673,
-2.78766478441,
0.804654161086,
1.42666495405,
-0.0505143700759,
-1.27822687491,
1.65574091328,
0.389302687786,
-1.55722373255,
0.1498771399,
1.08366095849,
1.68184254592,
1.60220446801,
-0.297562848559,
1.2574750818,
-0.405587364392,
-0.991833027963,
-0.25332659737,
0.503224255859,
0.657500107152,
0.166354491265,
-0.732313164667,
1.45919661127,
0.545345607963,
2.32210165288,
-0.0908614174244,
1.16939631292,
1.53722881055,
0.122252628024,
-0.493454031643,
1.79188279229,
1.3634806779,
-0.515549669191,
-0.305743427648,
1.30577401343,
-0.135272708546,
-0.537414474007,
1.17096334295,
-0.52068178975,
0.685086239697,
-0.571782548192,
0.363424458617,
0.412139024794,
0.357333347053,
-0.582002276932,
1.1626763135,
-0.332151776076,
-0.535703323468,
0.326331581674,
-2.19739333968,
0.368923143427,
0.654100376723,
0.780438933015,
-0.378706967918,
1.16651196014,
0.53910148168,
1.04383159981,
0.656325154864,
-2.38603561897,
1.27615263108,
0.911863663847,
2.11829984083,
0.161297870156,
0.664936919645,
-0.467800369825,
-2.51704725365,
-1.68574563865,
1.39907389334,
0.808332262938,
0.121848565578,
-0.801170846816,
-0.410325266811,
0.737030154324,
0.806474269695,
-1.07447525865,
-0.449401598636,
-0.684720980842,
1.51875090819,
-0.328331657132,
0.768528644476,
-0.11802953247,
-1.44955595377,
-0.629253430474,
2.32721090255,
0.52589671517,
-0.370058921877,
-0.140818972844,
-1.83280844426,
0.11663355702,
0.557145981395,
-0.893095064994,
-2.35219591926,
0.401504497045,
-0.961570017349,
-0.31357724251,
1.73778430953,
1.593953444,
-0.946351109588,
0.931267252958,
-2.24796602698,
-0.633245377912,
1.04614874309,
-0.614410094834,
2.28950101718,
2.15462344705,
-0.11203826085,
0.533435842269,
0.222793878683,
0.0944104212578,
0.639605253957,
-1.08806764033,
-0.295022963099,
0.644809072063,
-0.0587789163883,
-0.387591426451,
-0.635352565529,
0.694133105255,
-1.33218851867,
0.186367377582,
1.25244716642,
0.421354142436,
-0.193732619644,
1.02473823825,
1.32328550334,
-1.14539236255,
0.596907346253,
-0.157682290157,
-0.812157628322,
0.218218313409,
-0.353311402292,
0.437988904879,
1.2127460712,
1.79367813647,
-0.508712546169,
-1.15045204267,
-0.637107994107,
0.271613609039,
-1.19018978309,
0.186629176435,
-0.790568416085,
-1.50016762926,
-0.287012701181,
-0.926838736236,
-3.22260359032,
-1.09794226233,
0.519384720578,
1.55527072561,
-0.703808509278,
-2.66369078699,
-1.76932576187,
1.22124351121,
-0.867902831656,
0.628390161637,
-0.504394432233,
0.638970379112,
1.80629204363,
1.02789929044,
0.354115572715,
-0.235808172711,
0.4580892295,
-0.171829607582,
0.785008002769,
0.211108168503,
-0.416141901591,
2.05781396793,
0.128853107018,
1.27808930981,
-1.09074600341,
-1.10617576289,
-1.45694327077,
0.687897199971,
0.623858597251,
-0.511849437193,
-0.00973924568473,
-0.985401246327,
-0.325007310163,
0.768635173208,
0.0288756470508,
-0.0506932360921,
0.534487419414,
0.28924741731,
0.838415334053,
1.20198667641,
-0.783556180733,
-0.278656257988,
-0.247566060464,
0.310345570599,
-0.124884870621,
0.897151878491,
0.0380919153303,
-1.59952151321,
-1.05916226605,
0.221017167164,
0.615691787725,
-0.579288241254,
0.698398178073,
0.353886535547,
-0.611148363594,
0.549606362592,
0.503655436521,
-0.292619389877,
-2.34760832116,
0.633541497488,
0.73504284057,
-1.70107553286,
1.07806442725
};
