double normal_1_5[] = {
-0.137421529334,
7.49699242477,
-1.20325896109,
8.22444871241,
-4.17764660675,
3.82771757198,
0.0628006115013,
12.284950258,
9.35498128078,
3.0428018272,
-2.31455048966,
1.4752794283,
-4.23317112452,
4.98756843014,
0.771792159695,
4.82166726179,
-0.994322968413,
-4.74657945175,
-4.77725861802,
2.92619295383,
7.13203029287,
2.88700186001,
2.68984443533,
11.0676879418,
1.7394268245,
10.0115619723,
-4.04247391438,
-1.6783092804,
1.18094824979,
2.94539898354,
7.14113253298,
8.54094977928,
-1.76143546898,
7.35359775837,
-1.72272744786,
4.89799963115,
0.881354760916,
5.03424043156,
7.60573270826,
6.69361757515,
5.7385509447,
9.62960567966,
3.85723906947,
0.0610191165526,
-6.87148049442,
4.94336798176,
4.29641694579,
-0.0266759067192,
1.52225462476,
9.4466772466,
2.94826643225,
-4.21210916448,
-4.26486422086,
-1.21026882976,
4.78591320179,
6.13724032288,
-1.70929560481,
-3.4123580767,
4.02804699422,
1.50804305193,
5.21129941799,
-3.66873073823,
5.04845196005,
-4.96178445277,
3.48740451117,
9.87724265457,
-5.36987314172,
-2.70319159433,
6.49179494347,
-3.2151286355,
8.42239229184,
1.90834489478,
4.71658661749,
5.89527107135,
5.02741487083,
2.5034739875,
3.7202694639,
-0.765739661858,
-0.577501604446,
-3.31032723769,
-1.85953736504,
-0.769991850326,
-6.43908075347,
-0.396483709393,
6.94453211065,
0.484958672368,
2.68702359977,
-2.85156530579,
4.82189468274,
1.68905505304,
-5.74971665679,
-5.27360605618,
1.65849396816,
1.88038712691,
4.30412362974,
11.7085086923,
3.58286107642,
-4.47607781245,
10.6338496948,
1.84044536782,
1.367951273,
0.177049203808,
2.01356330789,
-6.09491913631,
0.0273005195644,
1.43799963112,
2.13365032421,
-0.674261894086,
11.6907156348,
-1.99740979144,
14.3279166386,
1.23299904455,
-0.28131963278,
1.37601047522,
10.316009039,
-1.59525279538,
0.179203295464,
-4.03714748777,
1.2366210751,
3.47104023262,
-0.202113420311,
5.1097853205,
4.9568582024,
-5.06034063202,
7.79028805206,
3.51593111794,
-0.605489559642,
-2.82238234187,
8.63537283813,
1.34855381542,
3.23221766197,
0.44799911498,
5.01964849247,
4.90181207814,
6.38872192355,
-9.11840554333,
4.38809255603,
9.93334498409,
2.5649174812,
4.39186112888,
-8.92261563404,
-3.43491281016,
9.70162740216,
11.6866722486,
0.587467501158,
1.74502067916,
-7.74874999171,
-6.15500953649,
-8.45316705899,
-2.83041688012,
-4.98017602928,
-2.87070042028,
-4.52770539286,
-4.11629808122,
-6.25767740414,
3.4905576387,
2.01215788416,
-0.173169852867,
-1.66091815192,
1.99196768554,
4.36327578276,
-4.04998723874,
3.89186133842,
-0.647497364163,
7.61177035243,
4.47774971917,
3.46118303528,
2.49361984137,
1.09896878373,
-2.45309916162,
-4.1317709262,
9.38378908553,
4.21046896528,
-6.49699655166,
4.38150155204,
-0.133375963167,
4.80896234095,
-7.24632274144,
5.24426624117,
-1.88045759127,
6.56335903081,
1.38060788076,
-6.98513164716,
-3.14653333196,
2.84107765145,
1.3319722897,
1.76152837753,
-4.35824722273,
-2.7472046808,
-7.16059564305,
4.46041759687,
-0.925109576944,
9.41322956823,
0.476372593507,
9.47336241932,
-1.98477335014,
1.56781746451,
-1.35417635332,
5.59765049608,
5.12428048242,
6.99235404286,
-7.66673808324,
-6.46768852626,
-1.95726388232,
0.904332269868,
-2.59179209211,
-8.57749765468,
-6.3321864305,
11.6645682238,
-0.604956182652,
-3.10250246262,
-3.72393763527,
4.91409879043,
0.570944618015,
-5.26615829109,
6.52087822237,
1.45127495759,
2.55951750649,
0.472507842775,
10.4984972921,
7.13519666773,
0.314942962139,
3.02809039103,
-0.127324635607,
-4.67531621482,
10.9967712341,
-2.33250770724,
-7.9179101533,
-1.17763548867,
7.2818372806,
1.58742835741,
-2.19195965173,
2.68382459278,
-5.4395958411,
0.621717648877,
6.85855506801,
-3.21453915604,
4.61326419159,
-10.0107155888,
-2.92110944689,
-0.932068233916,
4.61473490647,
3.24417198506,
10.9973622198,
5.76934419648,
-4.19477527523,
-0.270412060619,
2.70243210737,
1.92126404159,
1.75860763964,
0.386877797333,
-1.26104674703,
-0.690091932541,
-2.83553301862,
4.48563933886,
4.77954073534,
3.25557893871,
5.79462421949,
5.05239894985,
-11.8477987227,
-1.90394401901,
8.50838355548,
1.07582082507,
6.54913371594,
-2.30006816578,
6.52569098004,
-6.31142621158,
10.14777792,
0.646267413206,
9.14299678605,
-6.35005660982,
1.14159207269,
-4.34579119443,
-1.71455707209,
1.39503314032,
-0.815349541552,
-3.11229179543,
-6.27201762231,
2.66636141446,
-0.300237157285,
3.38356616059,
9.84772737947,
3.22416584412,
-4.2520427356,
4.25908196243,
1.68753470078,
5.67360106718,
0.362351902515,
2.73020472789,
1.00327294119,
-4.26558816771,
-4.57264058647,
2.64444114195,
-2.4250598838,
-0.0652007797545,
-7.06919545687,
7.4245441117,
-8.91716512529,
0.9936344919,
3.5111923534,
0.162348864361,
0.61519064934,
3.30502698405,
8.169525529,
1.39963166837,
5.19939564728,
-2.29779436624,
5.18385885438,
3.86069633038,
-5.57968345182,
2.36633557208,
-8.12954056875,
-5.22086582744,
-7.44112605971,
-4.3776228445,
-3.48188037997,
-1.32147186297,
4.9440783827,
3.30571597052,
6.89354590873,
-0.29112255271,
-3.20494801901,
-9.30634104742,
1.84342348138,
3.69843206666,
1.75029760682,
-0.508363099374,
-0.521946354799,
6.79982779901,
16.7176937351,
4.31742370683,
-2.70074366916,
2.33391064049,
-1.21545747363,
-5.46512987948,
0.288492547588,
0.0312446725465,
0.384965682573,
4.57130711516,
-1.22788737283,
4.19371780406,
-4.55389952634,
-7.97959289346,
-1.56861952657,
2.83120044737,
7.13187288143,
-6.75288284157,
1.12383112251,
-3.01761430272,
12.1673556446,
-11.1246134876,
14.317829084,
2.92743167185,
-1.94331353335,
-4.7333006493,
8.43266638962,
1.65392871136,
1.48411434961,
5.88734060397,
3.55917896675,
-0.204864737984,
-2.56014651804,
1.01582034117,
2.96934378674,
1.5306915503,
4.60221081197,
-5.36903231065,
-1.47327220159,
1.73012241551,
9.26442919553,
3.6618547492,
1.38460227506,
1.60705152144,
8.60565285703,
-3.70510954119,
-5.00187738584,
-3.09766126339,
4.235733569,
-14.2722763248,
-2.4274783592,
7.11413711738,
-0.109396724264,
-3.76273228405,
9.14860721848,
3.15742180343,
-1.38998339236,
6.41064004053,
6.62134413621,
-0.109010552072,
-6.75010167361,
2.40090297978,
1.30941829968,
7.51520115803,
1.87580725076,
0.0416806963531,
-7.37681008477,
3.45277256403,
7.47486405506,
3.10456498157,
-1.6678759122,
-2.41876965336,
6.91507167444,
-9.71176868184,
3.99678757196,
-2.58722436594,
-6.57843729084,
-4.00609538916,
0.601538067334,
1.11756668379,
8.95275345665,
-2.42227994943,
-1.64925642112,
-6.16350007955,
9.91985593757,
1.43705526691,
5.85065039146,
2.1070214381,
1.79646579393,
-2.1651395847,
-1.06858080765,
2.74388135571,
2.9267235136,
-3.32546332359,
1.56237172266,
-11.4132224868,
8.06441126258,
6.34183689958,
10.018716032,
-1.83652958886,
-3.81580432281,
-4.15768764894,
1.00380751089,
-1.38954370437,
5.03126501746,
-3.40806987043,
-2.0702998052,
-1.98457987325,
2.33834403398,
3.90800223094,
-6.09058301319,
-1.60078857616,
-0.0320387720722,
6.92230942194,
-4.42726490834,
3.08595719073,
-3.85863109963,
9.76833004469,
-2.51283228137,
5.00861252655,
3.82446923925,
4.20081191739,
-2.99678270601,
-3.50935903421,
-5.059996922,
-1.65947383165,
6.14824083611,
3.42362387397,
-1.1684590375,
0.782272192694,
6.31659694589,
-3.64221257673,
3.75340790617,
-2.71269049461,
-0.117980855515,
4.27029087475,
-3.5368735375,
-3.22141857472,
8.11926657836,
-3.93797626626,
-1.69581496396,
-5.81382150031,
10.2574202995,
-1.56610903583,
-6.81001536906,
-1.34657126133,
-2.26513587347,
-4.67612575779,
-10.7567432509,
-4.0559162624,
-0.129534141393,
-1.37411416071,
-3.70586253063,
-1.42906660995,
-2.99032020678,
3.95957742309,
-5.91375637707,
0.643006251935,
-2.49726366717,
-4.67346539034,
-7.67999495984,
-3.64780201835,
3.10664157561,
4.49506314644,
3.24069366095,
-0.454124900276,
-5.20859916583,
-4.93193011103,
-4.74285591321,
-0.942309317535,
10.1865782395,
6.06061055122,
2.3648145687,
2.27881449739,
-0.215534023658,
13.1625250042,
0.764943155783,
2.05255916478,
0.796382761672,
-2.62509249524,
3.05687714109,
-2.22587148634,
0.161165904828,
8.22896238705,
7.41724799161,
-1.13846858048,
3.23570806092,
7.92285610026,
2.00422133948,
1.4998507051,
7.80045138829,
3.91233291715,
7.89688035743,
7.55774205301,
2.12051878028,
8.03367958736,
0.641568653596,
2.33368795404,
5.24516212923,
-3.30057038681,
-5.31042938892,
7.1773608221,
1.09288406315,
-10.1264456671,
4.65321058548,
-0.867054601233,
-1.96453368534,
6.81149092999,
-0.308300413412,
-11.395223098,
2.05358631776,
0.654049467678,
13.261660466,
-4.51071228815,
-4.35392848169,
5.15050224171,
-4.47919230929,
13.3486996871,
-2.55485857329,
4.16632301695,
-1.606287087,
1.35494577988,
3.02805331273,
-3.47943119292,
3.96237935629,
0.361659686384,
10.0498768183,
0.724576034971,
8.48612228888,
-5.00597020479,
-3.25882488706,
0.831617874636,
0.493993714754,
2.86987582681,
2.6962585032,
-5.42584291177,
-0.0739612329355,
-5.00913675408,
-3.13554845403,
5.67353190867,
-2.28365949544,
2.96158333698,
0.715669294348,
4.99651050092,
1.14780998991,
-3.79649440077,
5.39246929713,
8.87420875832,
-1.95380227918,
7.59151023507,
-1.92526080659,
8.40890321154,
-0.82321119628,
-1.99114929886,
1.49650437502,
-7.19848952611,
4.75244238366,
0.132608383509,
7.63466359777,
-2.3481421397,
2.9873931005,
-2.70790062833,
3.32099280356,
-3.75624556689,
-3.64235707766,
10.8591277151,
10.4683169884,
8.70737906446,
-1.12419974337,
-1.17757173439,
6.42328344548,
-1.52507092549,
-5.42738658832,
1.63304232849,
6.49623874679,
7.36465052313,
-4.17022804711,
3.39617227062,
10.1620846491,
2.78675596695,
2.41296335765,
0.271971525758,
10.9617899896,
4.43760906986,
-4.4615200997,
4.3244047667,
3.3029713278,
-2.34245573291,
7.32582487472,
-4.37280904726,
-1.39054556621,
0.359324859176,
3.71142067273,
5.82512629556,
-2.5800514642,
-1.84109643123,
2.13407828019,
-1.1427674231,
-8.20605260146,
0.343894014802,
5.38150150722,
2.43322807413,
-4.21037648521,
1.4262695744,
-5.94528623569,
6.22019899959,
-2.93353898329,
3.55171453386,
2.12800976322,
5.33624414034,
-2.21390949812,
2.91292589951,
4.9454168189,
6.25727703449,
-2.82971321929,
-10.8117042778,
-6.66938179302,
-3.03259211248,
4.62831243365,
0.54195692487,
-1.32093424304,
-7.35485234107,
2.89079991441,
-2.68445733634,
4.23042045006,
-4.78550508626,
11.0606714917,
-0.66597797066,
1.93709315505,
-12.2196236941,
-6.28332960117,
-4.79983767826,
4.31938441474,
7.3493401576,
3.88711307218,
-0.39366497222,
-7.71949702864,
6.93559916991,
-0.502230373264,
8.45060557282,
3.85550588027,
4.80597064016,
5.41768987173,
7.17334927871,
9.53421632047,
-2.13323594653,
2.88783825082,
5.12245991834,
9.75022054718,
4.17829457414,
2.19011793884,
1.4882166845,
-2.72603902211,
4.21335857587,
-1.43473809945,
0.673498848706,
13.9483091253,
-8.605060414,
-6.97858597833,
1.81865964644,
-4.67312475671,
5.92694546755,
-10.7099443956,
8.84180137946,
-1.69252644254,
-1.57020125232,
-5.07477604913,
-0.208528842834,
4.00933608978,
-2.31412848935,
1.08393347816,
0.917979681702,
5.87690115497,
10.0310549501,
1.37623663292,
-8.00525529225,
6.34819992831,
-11.1402034163,
7.19015250601,
-4.41337968448,
5.61791342844,
6.15403700417,
0.0902549906608,
13.1645913697,
-6.14327205631,
-3.71862230878,
6.17552371866,
0.237959172915,
2.03284392988,
-7.45392077365,
1.02947173487,
1.12930303536,
-2.49001910406,
2.51674854231,
-3.03801292493,
-1.44452345981,
-3.12071136587,
1.03142671033,
-1.84653097883,
-3.55773019337,
-1.04945415547,
-1.10900602509,
6.13402363321,
10.3162985951,
-0.0583827667736,
3.81168267424,
-5.21827594368,
0.575566679931,
-8.04094458118,
-6.17029921412,
6.23480417485,
-1.04520931195,
5.63605390014,
-7.16815455898,
8.96906582826,
2.5734754887,
-1.4942537454,
1.49615267509,
2.09431523878,
3.09897966142,
9.53224279008,
2.88713254948,
1.77311829692,
-2.54946823539,
-3.47615996082,
-3.50467690991,
3.01243000786,
6.49041728217,
9.06675352106,
0.937271633889,
-2.86946950548,
-1.19230067957,
4.80633273759,
-2.3938020408,
1.2999893179,
10.2359460549,
4.26101978945,
-0.718267813902,
4.72407969804,
-2.59868021264,
-3.54383133027,
8.89718841384,
-6.81116951165,
-10.7070426585,
11.4875723026,
6.43196018235,
1.48613899544,
2.85358718345,
-4.85371719183,
-2.56919496605,
6.54166499746,
1.79660015337,
1.86794579301,
-3.68917947198,
-0.82128010863,
2.6052214874,
-3.18960606843,
1.25313156293,
-1.05678964529,
2.09909588151,
-3.94346351051,
1.60307187142,
0.571519770087,
1.59501482098,
0.131900250214,
7.05095705699,
0.466073574864,
2.77706619555,
0.144505164613,
8.49735157057,
0.618693555064,
-0.77435902531,
-3.19488576668,
4.26012120599,
0.582013658135,
-6.21186733292,
5.46669761373,
2.28745280286,
2.38687273342,
-4.38311095124,
3.68501882301,
0.493051206479,
-0.133224480413,
2.16411845302,
0.509134459069,
9.05107377878,
-0.121891654322,
2.30746750689,
2.94268441521,
-7.21235405724,
0.928380054808,
3.21586483156,
3.54235456932,
-1.81286312614,
-9.21026438285,
7.74403130744,
3.89543577854,
-3.86805709158,
4.04972483977,
-2.50928530871,
5.66276597958,
3.03535455784,
-0.131287938134,
1.23136498268,
-1.15524927788,
0.21051631232,
-7.99403844846,
0.043907682993,
-10.6307395958,
-1.16143515806,
-2.86199989561,
7.56059079909,
3.8000902635,
8.93987311196,
5.28712433874,
6.07571693135,
0.371731273303,
-5.31518781075,
3.54447466463,
4.06263709283,
-1.79470685256,
-1.21369763722,
1.85043111177,
-0.172430848454,
4.72554145548,
9.83283207262,
-4.95325446642,
3.12777533954,
-0.136828518534,
-3.87260441329,
-3.06542630998,
-1.71658183347,
-5.69334310681,
-7.14380746314,
2.66600870615,
-4.85108848888,
-1.7732941847,
7.85998747898,
10.7083525065,
2.11489801631,
2.07681680838,
0.31004441462,
1.17437030062,
6.15940117295,
-1.7033498209,
0.816720537277,
-1.31934267564,
-6.46896090302,
1.0789660501,
-1.88141729644,
4.10337708181,
-2.06435903975,
-0.498755417437,
-3.61523093308,
1.17632864194,
6.53590256424,
8.76926824198,
-0.931646893055,
-0.92873744718,
-3.73885499737,
-1.40348773676,
-0.774984806418,
4.637723666,
-3.26903088151,
-4.3912472619,
6.22699410843,
-5.944848296,
-8.07492080561,
-8.1524190358,
0.141754928923,
0.615010868261,
-2.53263062919,
0.0831692066435,
-4.49378170164,
1.3698055249,
-2.89144981768,
-1.9231350124,
4.09612224127,
5.81755892946,
4.12462351879,
-0.964166522958,
-0.669317697409,
2.25333882784,
-0.859853791402,
9.58613443921,
7.82569208974,
-5.0891548586,
13.0590726431,
-2.05422812816,
2.40482554245,
4.112924717,
7.4058362285,
4.24779818191,
-3.14602012902,
5.6535938437,
9.79158579443,
9.70418510889,
-1.45422159483,
-2.14993161636,
1.58830893821,
-0.481458629689,
6.93407521586,
5.73564734172,
3.71938630116,
-4.49317794538,
-1.85624850824,
10.4187080158,
0.0782136399375,
7.73023349608,
-0.428386439031,
-2.87468048732,
1.24769448336,
-2.64156835062,
-1.07342497422,
0.285583131667,
-4.46533494161,
5.28533061551,
14.1099674842,
-3.33898728238,
0.296707112291,
-2.49442224668,
4.63098836075,
-4.33939064797,
-9.01662175305,
11.5962911044,
7.98513200856,
-9.45669593966,
-8.1244521054,
5.65776674644,
-1.67715831641,
1.82967292681,
0.940828483414,
1.75804537993,
-3.9331940399,
1.47848846272,
6.95238393515,
1.15470501637,
6.46750249174,
-7.6113623615,
2.21553960519,
9.64097083386,
-0.0264136165008,
3.85046433119,
0.959429034943,
0.977957286977,
7.70950256599,
2.418543357,
-4.86383116002,
-6.73276520974,
-4.96185882107,
1.01214293557,
-2.38271850805,
6.68902158922,
2.82680562399,
-0.211017248998,
0.65886859786,
1.11677122269,
-0.915060643269,
-1.46746187122,
0.35525901006,
-0.104466188449,
2.53668249133,
0.767776302181,
4.76234014743,
-9.82215066247,
-3.38977312749,
2.4624227864,
2.70041321609,
4.01873163795,
0.431324545329,
0.116915035153
};
